    0.10122E-04    0.67541E+02
    0.10326E-04    0.68837E+02
    0.10535E-04    0.70157E+02
    0.10747E-04    0.71503E+02
    0.10965E-04    0.72874E+02
    0.11186E-04    0.74272E+02
    0.11412E-04    0.75697E+02
    0.11643E-04    0.77149E+02
    0.11878E-04    0.78629E+02
    0.12118E-04    0.80137E+02
    0.12363E-04    0.81674E+02
    0.12612E-04    0.83241E+02
    0.12867E-04    0.84837E+02
    0.13127E-04    0.86465E+02
    0.13392E-04    0.88123E+02
    0.13663E-04    0.89814E+02
    0.13939E-04    0.91536E+02
    0.14220E-04    0.93292E+02
    0.14508E-04    0.95082E+02
    0.14801E-04    0.96905E+02
    0.15100E-04    0.98764E+02
    0.15405E-04    0.10066E+03
    0.15716E-04    0.10259E+03
    0.16033E-04    0.10456E+03
    0.16357E-04    0.10656E+03
    0.16688E-04    0.10861E+03
    0.17025E-04    0.11069E+03
    0.17369E-04    0.11281E+03
    0.17720E-04    0.11498E+03
    0.18078E-04    0.11718E+03
    0.18443E-04    0.11943E+03
    0.18815E-04    0.12172E+03
    0.19195E-04    0.12406E+03
    0.19583E-04    0.12644E+03
    0.19979E-04    0.12886E+03
    0.20382E-04    0.13133E+03
    0.20794E-04    0.13385E+03
    0.21214E-04    0.13642E+03
    0.21643E-04    0.13904E+03
    0.22080E-04    0.14170E+03
    0.22526E-04    0.14442E+03
    0.22981E-04    0.14719E+03
    0.23445E-04    0.15001E+03
    0.23919E-04    0.15289E+03
    0.24402E-04    0.15582E+03
    0.24895E-04    0.15881E+03
    0.25398E-04    0.16186E+03
    0.25911E-04    0.16496E+03
    0.26435E-04    0.16813E+03
    0.26969E-04    0.17135E+03
    0.27513E-04    0.17464E+03
    0.28069E-04    0.17799E+03
    0.28636E-04    0.18140E+03
    0.29215E-04    0.18488E+03
    0.29805E-04    0.18843E+03
    0.30407E-04    0.19204E+03
    0.31021E-04    0.19573E+03
    0.31648E-04    0.19948E+03
    0.32287E-04    0.20331E+03
    0.32939E-04    0.20721E+03
    0.33605E-04    0.21118E+03
    0.34284E-04    0.21523E+03
    0.34976E-04    0.21936E+03
    0.35683E-04    0.22357E+03
    0.36404E-04    0.22785E+03
    0.37139E-04    0.23222E+03
    0.37889E-04    0.23668E+03
    0.38655E-04    0.24122E+03
    0.39436E-04    0.24584E+03
    0.40232E-04    0.25056E+03
    0.41045E-04    0.25536E+03
    0.41874E-04    0.26026E+03
    0.42720E-04    0.26525E+03
    0.43583E-04    0.27034E+03
    0.44464E-04    0.27553E+03
    0.45362E-04    0.28081E+03
    0.46278E-04    0.28620E+03
    0.47213E-04    0.29169E+03
    0.48167E-04    0.29728E+03
    0.49140E-04    0.30298E+03
    0.50133E-04    0.30879E+03
    0.51145E-04    0.31471E+03
    0.52179E-04    0.32075E+03
    0.53233E-04    0.32690E+03
    0.54308E-04    0.33317E+03
    0.55405E-04    0.33956E+03
    0.56524E-04    0.34607E+03
    0.57666E-04    0.35271E+03
    0.58831E-04    0.35947E+03
    0.60020E-04    0.36637E+03
    0.61232E-04    0.37339E+03
    0.62469E-04    0.38055E+03
    0.63731E-04    0.38785E+03
    0.65018E-04    0.39529E+03
    0.66332E-04    0.40287E+03
    0.67672E-04    0.41059E+03
    0.69039E-04    0.41847E+03
    0.70434E-04    0.42649E+03
    0.71856E-04    0.43467E+03
    0.73308E-04    0.44301E+03
    0.74789E-04    0.45150E+03
    0.76300E-04    0.46016E+03
    0.77841E-04    0.46898E+03
    0.79414E-04    0.47797E+03
    0.81018E-04    0.48714E+03
    0.82655E-04    0.49648E+03
    0.84324E-04    0.50600E+03
    0.86028E-04    0.51570E+03
    0.87766E-04    0.52559E+03
    0.89539E-04    0.53566E+03
    0.91347E-04    0.54593E+03
    0.93193E-04    0.55640E+03
    0.95075E-04    0.56707E+03
    0.96996E-04    0.57794E+03
    0.98956E-04    0.58902E+03
    0.10095E-03    0.60031E+03
    0.10299E-03    0.61181E+03
    0.10507E-03    0.62354E+03
    0.10720E-03    0.63549E+03
    0.10936E-03    0.64767E+03
    0.11157E-03    0.66009E+03
    0.11383E-03    0.67274E+03
    0.11613E-03    0.68563E+03
    0.11847E-03    0.69877E+03
    0.12086E-03    0.71217E+03
    0.12331E-03    0.72581E+03
    0.12580E-03    0.73972E+03
    0.12834E-03    0.75390E+03
    0.13093E-03    0.76834E+03
    0.13358E-03    0.78307E+03
    0.13627E-03    0.79807E+03
    0.13903E-03    0.81336E+03
    0.14184E-03    0.82894E+03
    0.14470E-03    0.84482E+03
    0.14762E-03    0.86101E+03
    0.15061E-03    0.87750E+03
    0.15365E-03    0.89431E+03
    0.15675E-03    0.91144E+03
    0.15992E-03    0.92889E+03
    0.16315E-03    0.94668E+03
    0.16645E-03    0.96481E+03
    0.16981E-03    0.98328E+03
    0.17324E-03    0.10021E+04
    0.17674E-03    0.10213E+04
    0.18031E-03    0.10408E+04
    0.18395E-03    0.10608E+04
    0.18767E-03    0.10811E+04
    0.19146E-03    0.11018E+04
    0.19533E-03    0.11229E+04
    0.19927E-03    0.11443E+04
    0.20330E-03    0.11662E+04
    0.20740E-03    0.11885E+04
    0.21159E-03    0.12113E+04
    0.21587E-03    0.12345E+04
    0.22023E-03    0.12581E+04
    0.22468E-03    0.12821E+04
    0.22922E-03    0.13066E+04
    0.23385E-03    0.13316E+04
    0.23857E-03    0.13571E+04
    0.24339E-03    0.13830E+04
    0.24831E-03    0.14094E+04
    0.25332E-03    0.14364E+04
    0.25844E-03    0.14638E+04
    0.26366E-03    0.14918E+04
    0.26899E-03    0.15203E+04
    0.27442E-03    0.15493E+04
    0.27997E-03    0.15789E+04
    0.28562E-03    0.16090E+04
    0.29139E-03    0.16397E+04
    0.29728E-03    0.16710E+04
    0.30328E-03    0.17029E+04
    0.30941E-03    0.17354E+04
    0.31566E-03    0.17685E+04
    0.32204E-03    0.18022E+04
    0.32854E-03    0.18366E+04
    0.33518E-03    0.18716E+04
    0.34195E-03    0.19072E+04
    0.34886E-03    0.19436E+04
    0.35591E-03    0.19806E+04
    0.36310E-03    0.20183E+04
    0.37043E-03    0.20567E+04
    0.37792E-03    0.20958E+04
    0.38555E-03    0.21357E+04
    0.39334E-03    0.21763E+04
    0.40128E-03    0.22177E+04
    0.40939E-03    0.22598E+04
    0.41766E-03    0.23027E+04
    0.42610E-03    0.23465E+04
    0.43471E-03    0.23910E+04
    0.44349E-03    0.24364E+04
    0.45245E-03    0.24826E+04
    0.46159E-03    0.25296E+04
    0.47091E-03    0.25776E+04
    0.48042E-03    0.26264E+04
    0.49013E-03    0.26761E+04
    0.50003E-03    0.27268E+04
    0.51013E-03    0.27784E+04
    0.52044E-03    0.28309E+04
    0.53095E-03    0.28844E+04
    0.54168E-03    0.29389E+04
    0.55262E-03    0.29944E+04
    0.56378E-03    0.30509E+04
    0.57517E-03    0.31084E+04
    0.58679E-03    0.31670E+04
    0.59865E-03    0.32266E+04
    0.61074E-03    0.32873E+04
    0.62308E-03    0.33492E+04
    0.63566E-03    0.34121E+04
    0.64851E-03    0.34762E+04
    0.66161E-03    0.35415E+04
    0.67497E-03    0.36079E+04
    0.68861E-03    0.36755E+04
    0.70252E-03    0.37443E+04
    0.71671E-03    0.38144E+04
    0.73119E-03    0.38857E+04
    0.74596E-03    0.39583E+04
    0.76103E-03    0.40322E+04
    0.77640E-03    0.41074E+04
    0.79209E-03    0.41840E+04
    0.80809E-03    0.42619E+04
    0.82441E-03    0.43411E+04
    0.84107E-03    0.44218E+04
    0.85806E-03    0.45039E+04
    0.87539E-03    0.45874E+04
    0.89307E-03    0.46724E+04
    0.91112E-03    0.47588E+04
    0.92952E-03    0.48468E+04
    0.94830E-03    0.49363E+04
    0.96746E-03    0.50273E+04
    0.98700E-03    0.51199E+04
    0.10069E-02    0.52141E+04
    0.10273E-02    0.53099E+04
    0.10480E-02    0.54073E+04
    0.10692E-02    0.55064E+04
    0.10908E-02    0.56071E+04
    0.11128E-02    0.57096E+04
    0.11353E-02    0.58138E+04
    0.11583E-02    0.59197E+04
    0.11817E-02    0.60274E+04
    0.12055E-02    0.61368E+04
    0.12299E-02    0.62481E+04
    0.12547E-02    0.63612E+04
    0.12801E-02    0.64762E+04
    0.13059E-02    0.65930E+04
    0.13323E-02    0.67117E+04
    0.13592E-02    0.68324E+04
    0.13867E-02    0.69550E+04
    0.14147E-02    0.70795E+04
    0.14433E-02    0.72060E+04
    0.14724E-02    0.73345E+04
    0.15022E-02    0.74650E+04
    0.15325E-02    0.75976E+04
    0.15635E-02    0.77322E+04
    0.15951E-02    0.78689E+04
    0.16273E-02    0.80077E+04
    0.16602E-02    0.81486E+04
    0.16937E-02    0.82917E+04
    0.17279E-02    0.84368E+04
    0.17628E-02    0.85842E+04
    0.17984E-02    0.87337E+04
    0.18348E-02    0.88854E+04
    0.18718E-02    0.90393E+04
    0.19096E-02    0.91955E+04
    0.19482E-02    0.93538E+04
    0.19876E-02    0.95145E+04
    0.20277E-02    0.96773E+04
    0.20687E-02    0.98425E+04
    0.21105E-02    0.10010E+05
    0.21531E-02    0.10180E+05
    0.21966E-02    0.10352E+05
    0.22410E-02    0.10526E+05
    0.22863E-02    0.10703E+05
    0.23324E-02    0.10881E+05
    0.23796E-02    0.11063E+05
    0.24276E-02    0.11246E+05
    0.24767E-02    0.11432E+05
    0.25267E-02    0.11620E+05
    0.25777E-02    0.11811E+05
    0.26298E-02    0.12003E+05
    0.26829E-02    0.12198E+05
    0.27371E-02    0.12396E+05
    0.27924E-02    0.12595E+05
    0.28488E-02    0.12797E+05
    0.29064E-02    0.13001E+05
    0.29651E-02    0.13208E+05
    0.30250E-02    0.13416E+05
    0.30861E-02    0.13627E+05
    0.31485E-02    0.13840E+05
    0.32121E-02    0.14055E+05
    0.32770E-02    0.14272E+05
    0.33432E-02    0.14492E+05
    0.34107E-02    0.14713E+05
    0.34796E-02    0.14936E+05
    0.35499E-02    0.15162E+05
    0.36216E-02    0.15389E+05
    0.36948E-02    0.15618E+05
    0.37694E-02    0.15850E+05
    0.38455E-02    0.16083E+05
    0.39232E-02    0.16317E+05
    0.40025E-02    0.16554E+05
    0.40833E-02    0.16792E+05
    0.41658E-02    0.17031E+05
    0.42500E-02    0.17273E+05
    0.43358E-02    0.17515E+05
    0.44234E-02    0.17759E+05
    0.45128E-02    0.18005E+05
    0.46040E-02    0.18251E+05
    0.46970E-02    0.18499E+05
    0.47918E-02    0.18748E+05
    0.48886E-02    0.18998E+05
    0.49874E-02    0.19248E+05
    0.50882E-02    0.19500E+05
    0.51909E-02    0.19752E+05
    0.52958E-02    0.20004E+05
    0.54028E-02    0.20258E+05
    0.55119E-02    0.20511E+05
    0.56233E-02    0.20765E+05
    0.57369E-02    0.21018E+05
    0.58528E-02    0.21272E+05
    0.59710E-02    0.21525E+05
    0.60916E-02    0.21779E+05
    0.62147E-02    0.22031E+05
    0.63402E-02    0.22283E+05
    0.64683E-02    0.22535E+05
    0.65990E-02    0.22785E+05
    0.67323E-02    0.23034E+05
    0.68683E-02    0.23282E+05
    0.70070E-02    0.23528E+05
    0.71486E-02    0.23773E+05
    0.72930E-02    0.24016E+05
    0.74403E-02    0.24256E+05
    0.75906E-02    0.24495E+05
    0.77440E-02    0.24731E+05
    0.79004E-02    0.24964E+05
    0.80600E-02    0.25195E+05
    0.82228E-02    0.25422E+05
    0.83889E-02    0.25646E+05
    0.85584E-02    0.25866E+05
    0.87313E-02    0.26083E+05
    0.89077E-02    0.26295E+05
    0.90876E-02    0.26503E+05
    0.92712E-02    0.26706E+05
    0.94585E-02    0.26905E+05
    0.96496E-02    0.27098E+05
    0.98445E-02    0.27286E+05
    0.10043E-01    0.27468E+05
    0.10246E-01    0.27644E+05
    0.10453E-01    0.27814E+05
    0.10664E-01    0.27977E+05
    0.10880E-01    0.28133E+05
    0.11100E-01    0.28282E+05
    0.11324E-01    0.28424E+05
    0.11553E-01    0.28557E+05
    0.11786E-01    0.28682E+05
    0.12024E-01    0.28799E+05
    0.12267E-01    0.28908E+05
    0.12515E-01    0.29006E+05
    0.12768E-01    0.29096E+05
    0.13026E-01    0.29176E+05
    0.13289E-01    0.29245E+05
    0.13557E-01    0.29305E+05
    0.13831E-01    0.29353E+05
    0.14110E-01    0.29391E+05
    0.14395E-01    0.29417E+05
    0.14686E-01    0.29431E+05
    0.14983E-01    0.29434E+05
    0.15286E-01    0.29424E+05
    0.15594E-01    0.29402E+05
    0.15909E-01    0.29368E+05
    0.16231E-01    0.29320E+05
    0.16559E-01    0.29259E+05
    0.16893E-01    0.29313E+05
    0.17235E-01    0.29233E+05
    0.17583E-01    0.29139E+05
    0.17938E-01    0.29031E+05
    0.18300E-01    0.28909E+05
    0.18670E-01    0.28773E+05
    0.19047E-01    0.28624E+05
    0.19432E-01    0.28460E+05
    0.19824E-01    0.28282E+05
    0.20225E-01    0.28090E+05
    0.20633E-01    0.27883E+05
    0.21050E-01    0.27663E+05
    0.21476E-01    0.27315E+05
    0.21909E-01    0.27064E+05
    0.22352E-01    0.26799E+05
    0.22804E-01    0.26522E+05
    0.23264E-01    0.26232E+05
    0.23734E-01    0.25930E+05
    0.24214E-01    0.25616E+05
    0.24703E-01    0.25290E+05
    0.25202E-01    0.24954E+05
    0.25711E-01    0.24607E+05
    0.26230E-01    0.24294E+05
    0.26760E-01    0.23929E+05
    0.27301E-01    0.23555E+05
    0.27852E-01    0.23174E+05
    0.28415E-01    0.22787E+05
    0.28989E-01    0.22393E+05
    0.29575E-01    0.21995E+05
    0.30172E-01    0.21594E+05
    0.30782E-01    0.21189E+05
    0.31403E-01    0.20783E+05
    0.32038E-01    0.20376E+05
    0.32685E-01    0.19970E+05
    0.33345E-01    0.19565E+05
    0.34019E-01    0.19164E+05
    0.34706E-01    0.18765E+05
    0.35407E-01    0.18371E+05
    0.36122E-01    0.17978E+05
    0.36852E-01    0.17591E+05
    0.37597E-01    0.17213E+05
    0.38356E-01    0.16843E+05
    0.39131E-01    0.16484E+05
    0.39922E-01    0.16136E+05
    0.40728E-01    0.15800E+05
    0.41551E-01    0.15477E+05
    0.42390E-01    0.15166E+05
    0.43246E-01    0.14869E+05
    0.44120E-01    0.14585E+05
    0.45011E-01    0.14315E+05
    0.45921E-01    0.14058E+05
    0.46848E-01    0.13813E+05
    0.47795E-01    0.13581E+05
    0.48760E-01    0.13359E+05
    0.49745E-01    0.13148E+05
    0.50750E-01    0.12946E+05
    0.51775E-01    0.12755E+05
    0.52821E-01    0.12572E+05
    0.53888E-01    0.12396E+05
    0.54977E-01    0.12225E+05
    0.56088E-01    0.12058E+05
    0.57221E-01    0.11916E+05
    0.58377E-01    0.11754E+05
    0.59556E-01    0.11592E+05
    0.60759E-01    0.11426E+05
    0.61986E-01    0.11255E+05
    0.63239E-01    0.11078E+05
    0.64516E-01    0.10893E+05
    0.65819E-01    0.10699E+05
    0.67149E-01    0.10493E+05
    0.68506E-01    0.10276E+05
    0.69889E-01    0.10045E+05
    0.71301E-01    0.98017E+04
    0.72742E-01    0.95455E+04
    0.74211E-01    0.92773E+04
    0.75710E-01    0.89983E+04
    0.77240E-01    0.87105E+04
    0.78800E-01    0.84159E+04
    0.80392E-01    0.81173E+04
    0.82016E-01    0.78175E+04
    0.83673E-01    0.75194E+04
    0.85363E-01    0.72261E+04
    0.87088E-01    0.69407E+04
    0.88847E-01    0.66660E+04
    0.90642E-01    0.64046E+04
    0.92473E-01    0.61591E+04
    0.94341E-01    0.59312E+04
    0.96247E-01    0.57224E+04
    0.98191E-01    0.55334E+04
    0.10017E+00    0.53644E+04
    0.10220E+00    0.52148E+04
    0.10426E+00    0.50836E+04
    0.10637E+00    0.49688E+04
    0.10852E+00    0.48684E+04
    0.11071E+00    0.47793E+04
    0.11295E+00    0.46982E+04
    0.11523E+00    0.46213E+04
    0.11756E+00    0.45442E+04
    0.11993E+00    0.44625E+04
    0.12235E+00    0.43720E+04
    0.12483E+00    0.42696E+04
    0.12735E+00    0.41535E+04
    0.12992E+00    0.40236E+04
    0.13254E+00    0.38813E+04
    0.13522E+00    0.37294E+04
    0.13795E+00    0.35712E+04
    0.14074E+00    0.34105E+04
    0.14358E+00    0.32510E+04
    0.14648E+00    0.30964E+04
    0.14944E+00    0.29507E+04
    0.15246E+00    0.28176E+04
    0.15554E+00    0.26999E+04
    0.15868E+00    0.25992E+04
    0.16189E+00    0.25149E+04
    0.16516E+00    0.24449E+04
    0.16850E+00    0.23858E+04
    0.17190E+00    0.23337E+04
    0.17537E+00    0.22847E+04
    0.17892E+00    0.22349E+04
    0.18253E+00    0.21807E+04
    0.18622E+00    0.21190E+04
    0.18998E+00    0.20482E+04
    0.19382E+00    0.19689E+04
    0.19773E+00    0.18836E+04
    0.20173E+00    0.17956E+04
    0.20580E+00    0.17086E+04
    0.20996E+00    0.16262E+04
    0.21420E+00    0.15515E+04
    0.21853E+00    0.14867E+04
    0.22294E+00    0.14324E+04
    0.22745E+00    0.13872E+04
    0.23204E+00    0.13480E+04
    0.23673E+00    0.13116E+04
    0.24151E+00    0.12749E+04
    0.24639E+00    0.12354E+04
    0.25137E+00    0.11916E+04
    0.25645E+00    0.11435E+04
    0.26163E+00    0.10927E+04
    0.26691E+00    0.10418E+04
    0.27230E+00    0.99361E+03
    0.27780E+00    0.94992E+03
    0.28342E+00    0.91168E+03
    0.28914E+00    0.87857E+03
    0.29498E+00    0.84916E+03
    0.30094E+00    0.82137E+03
    0.30702E+00    0.79327E+03
    0.31322E+00    0.76362E+03
    0.31955E+00    0.73225E+03
    0.32601E+00    0.70011E+03
    0.33259E+00    0.66879E+03
    0.33931E+00    0.63962E+03
    0.34616E+00    0.61323E+03
    0.35316E+00    0.58953E+03
    0.36029E+00    0.56770E+03
    0.36757E+00    0.54649E+03
    0.37500E+00    0.52512E+03
    0.38257E+00    0.50340E+03
    0.39030E+00    0.48167E+03
    0.39818E+00    0.46072E+03
    0.40623E+00    0.44114E+03
    0.41443E+00    0.42307E+03
    0.42281E+00    0.40622E+03
    0.43135E+00    0.38998E+03
    0.44006E+00    0.37398E+03
    0.44895E+00    0.35814E+03
    0.45802E+00    0.34271E+03
    0.46727E+00    0.32802E+03
    0.47671E+00    0.31419E+03
    0.48634E+00    0.30113E+03
    0.49617E+00    0.28859E+03
    0.50619E+00    0.27638E+03
    0.51642E+00    0.26450E+03
    0.52685E+00    0.25308E+03
    0.53749E+00    0.24221E+03
    0.54835E+00    0.23187E+03
    0.55943E+00    0.22197E+03
    0.57073E+00    0.21242E+03
    0.58226E+00    0.20320E+03
    0.59402E+00    0.19436E+03
    0.60602E+00    0.18592E+03
    0.61826E+00    0.17785E+03
    0.63075E+00    0.17010E+03
    0.64350E+00    0.16266E+03
    0.65649E+00    0.15552E+03
    0.66976E+00    0.14869E+03
    0.68329E+00    0.14215E+03
    0.69709E+00    0.13589E+03
    0.71117E+00    0.12988E+03
    0.72554E+00    0.12413E+03
    0.74020E+00    0.11862E+03
    0.75515E+00    0.11334E+03
    0.77040E+00    0.10829E+03
    0.78597E+00    0.10346E+03
    0.80185E+00    0.98827E+02
    0.81804E+00    0.94397E+02
    0.83457E+00    0.90157E+02
    0.85143E+00    0.86100E+02
    0.86863E+00    0.82218E+02
    0.88618E+00    0.78504E+02
    0.90408E+00    0.74952E+02
    0.92234E+00    0.71554E+02
    0.94097E+00    0.68305E+02
    0.95998E+00    0.65198E+02
    0.97938E+00    0.62227E+02
    0.99916E+00    0.59386E+02
    0.10193E+01    0.56669E+02
    0.10399E+01    0.54072E+02
    0.10609E+01    0.51590E+02
    0.10824E+01    0.49219E+02
    0.11042E+01    0.46952E+02
    0.11265E+01    0.44787E+02
    0.11493E+01    0.42718E+02
    0.11725E+01    0.40742E+02
    0.11962E+01    0.38854E+02
    0.12204E+01    0.37051E+02
    0.12450E+01    0.35329E+02
    0.12702E+01    0.33684E+02
    0.12958E+01    0.32113E+02
    0.13220E+01    0.30613E+02
    0.13487E+01    0.29182E+02
    0.13760E+01    0.27815E+02
    0.14038E+01    0.26510E+02
    0.14321E+01    0.25265E+02
    0.14611E+01    0.24077E+02
    0.14906E+01    0.22943E+02
    0.15207E+01    0.21861E+02
    0.15514E+01    0.20828E+02
    0.15827E+01    0.19843E+02
    0.16147E+01    0.18903E+02
    0.16473E+01    0.18007E+02
    0.16806E+01    0.17152E+02
    0.17146E+01    0.16336E+02
    0.17492E+01    0.15558E+02
    0.17845E+01    0.14816E+02
    0.18206E+01    0.14109E+02
    0.18574E+01    0.13435E+02
    0.18949E+01    0.12792E+02
    0.19332E+01    0.12179E+02
    0.19722E+01    0.11595E+02
    0.20121E+01    0.11038E+02
    0.20527E+01    0.10507E+02
    0.20942E+01    0.10002E+02
    0.21365E+01    0.95195E+01
    0.21796E+01    0.90602E+01
    0.22237E+01    0.86226E+01
    0.22686E+01    0.82055E+01
    0.23144E+01    0.78082E+01
    0.23612E+01    0.74297E+01
    0.24089E+01    0.70692E+01
    0.24575E+01    0.67258E+01
    0.25072E+01    0.63987E+01
    0.25578E+01    0.60872E+01
    0.26095E+01    0.57906E+01
    0.26622E+01    0.55081E+01
    0.27160E+01    0.52391E+01
    0.27709E+01    0.49829E+01
    0.28268E+01    0.47391E+01
    0.28839E+01    0.45069E+01
    0.29422E+01    0.42859E+01
    0.30016E+01    0.40755E+01
    0.30623E+01    0.38753E+01
    0.31241E+01    0.36847E+01
    0.31873E+01    0.35033E+01
    0.32516E+01    0.33307E+01
    0.33173E+01    0.31664E+01
    0.33843E+01    0.30101E+01
    0.34527E+01    0.28613E+01
    0.35225E+01    0.27198E+01
    0.35936E+01    0.25852E+01
    0.36662E+01    0.24571E+01
    0.37403E+01    0.23352E+01
    0.38158E+01    0.22193E+01
    0.38929E+01    0.21090E+01
    0.39716E+01    0.20041E+01
    0.40518E+01    0.19044E+01
    0.41336E+01    0.18095E+01
    0.42172E+01    0.17193E+01
    0.43023E+01    0.16335E+01
    0.43893E+01    0.15519E+01
    0.44779E+01    0.14744E+01
    0.45684E+01    0.14006E+01
    0.46607E+01    0.13305E+01
    0.47548E+01    0.12638E+01
    0.48509E+01    0.12005E+01
    0.49489E+01    0.11402E+01
    0.50488E+01    0.10830E+01
    0.51508E+01    0.10285E+01
    0.52549E+01    0.97679E+00
    0.53610E+01    0.92761E+00
    0.54693E+01    0.88088E+00
    0.55798E+01    0.83647E+00
    0.56926E+01    0.79427E+00
    0.58076E+01    0.75416E+00
    0.59249E+01    0.71606E+00
    0.60446E+01    0.67985E+00
    0.61667E+01    0.64544E+00
    0.62912E+01    0.61276E+00
    0.64183E+01    0.58171E+00
    0.65480E+01    0.55221E+00
    0.66803E+01    0.52418E+00
    0.68152E+01    0.49756E+00
    0.69529E+01    0.47228E+00
    0.70934E+01    0.44826E+00
    0.72367E+01    0.42545E+00
    0.73828E+01    0.40379E+00
    0.75320E+01    0.38321E+00
    0.76841E+01    0.36367E+00
    0.78394E+01    0.34512E+00
    0.79977E+01    0.32750E+00
    0.81593E+01    0.31077E+00
    0.83241E+01    0.29488E+00
    0.84923E+01    0.27979E+00
    0.86639E+01    0.26547E+00
    0.88389E+01    0.25188E+00
    0.90174E+01    0.23897E+00
    0.91996E+01    0.22671E+00
    0.93854E+01    0.21508E+00
    0.95750E+01    0.20404E+00
    0.97685E+01    0.19355E+00
    0.99658E+01    0.18360E+00
    0.10167E+02    0.17416E+00
    0.10373E+02    0.16519E+00
    0.10582E+02    0.15669E+00
    0.10796E+02    0.14861E+00
    0.11014E+02    0.14095E+00
    0.11236E+02    0.13368E+00
    0.11463E+02    0.12678E+00
    0.11695E+02    0.12023E+00
    0.11931E+02    0.11402E+00
    0.12172E+02    0.10812E+00
    0.12418E+02    0.10253E+00
    0.12669E+02    0.97222E-01
    0.12925E+02    0.92187E-01
    0.13186E+02    0.87410E-01
    0.13452E+02    0.82878E-01
    0.13724E+02    0.78579E-01
    0.14001E+02    0.74500E-01
    0.14284E+02    0.70631E-01
    0.14573E+02    0.66961E-01
    0.14867E+02    0.63481E-01
    0.15168E+02    0.60179E-01
    0.15474E+02    0.57047E-01
    0.15787E+02    0.54077E-01
    0.16105E+02    0.51260E-01
    0.16431E+02    0.48588E-01
    0.16763E+02    0.46055E-01
    0.17101E+02    0.43652E-01
    0.17447E+02    0.41374E-01
    0.17799E+02    0.39213E-01
    0.18159E+02    0.37164E-01
    0.18526E+02    0.35222E-01
    0.18900E+02    0.33379E-01
    0.19282E+02    0.31633E-01
    0.19671E+02    0.29977E-01
    0.20069E+02    0.28407E-01
    0.20474E+02    0.26918E-01
    0.20888E+02    0.25507E-01
    0.21310E+02    0.24169E-01
    0.21740E+02    0.22901E-01
    0.22179E+02    0.21699E-01
    0.22627E+02    0.20559E-01
    0.23084E+02    0.19479E-01
    0.23551E+02    0.18455E-01
    0.24027E+02    0.17484E-01
    0.24512E+02    0.16564E-01
    0.25007E+02    0.15692E-01
    0.25512E+02    0.14866E-01
    0.26028E+02    0.14082E-01
    0.26553E+02    0.13340E-01
    0.27090E+02    0.12636E-01
    0.27637E+02    0.11970E-01
    0.28195E+02    0.11338E-01
    0.28765E+02    0.10739E-01
    0.29346E+02    0.10172E-01
    0.29939E+02    0.96341E-02
    0.30544E+02    0.91246E-02
    0.31161E+02    0.86419E-02
    0.31790E+02    0.81845E-02
    0.32432E+02    0.77511E-02
    0.33088E+02    0.73405E-02
    0.33756E+02    0.69515E-02
    0.34438E+02    0.65829E-02
    0.35134E+02    0.62338E-02
    0.35843E+02    0.59030E-02
    0.36568E+02    0.55896E-02
    0.37306E+02    0.52927E-02
    0.38060E+02    0.50114E-02
    0.38829E+02    0.47450E-02
    0.39613E+02    0.44927E-02
    0.40413E+02    0.42536E-02
    0.41230E+02    0.40272E-02
    0.42063E+02    0.38128E-02
    0.42912E+02    0.36096E-02
    0.43779E+02    0.34172E-02
    0.44664E+02    0.32350E-02
    0.45566E+02    0.30624E-02
    0.46486E+02    0.28990E-02
    0.47426E+02    0.27442E-02
    0.48384E+02    0.25976E-02
    0.49361E+02    0.24587E-02
    0.50358E+02    0.23273E-02
    0.51375E+02    0.22028E-02
    0.52413E+02    0.20849E-02
    0.53472E+02    0.19732E-02
    0.54552E+02    0.18675E-02
    0.55654E+02    0.17674E-02
    0.56779E+02    0.16727E-02
    0.57926E+02    0.15829E-02
    0.59096E+02    0.14980E-02
    0.60290E+02    0.14175E-02
    0.61508E+02    0.13414E-02
    0.62750E+02    0.12693E-02
    0.64018E+02    0.12010E-02
    0.65311E+02    0.11364E-02
    0.66630E+02    0.10752E-02
    0.67976E+02    0.10173E-02
    0.69350E+02    0.96248E-03
    0.70751E+02    0.91058E-03
    0.72180E+02    0.86146E-03
    0.73638E+02    0.81495E-03
    0.75125E+02    0.77094E-03
    0.76643E+02    0.72928E-03
    0.78191E+02    0.68984E-03
    0.79771E+02    0.65252E-03
    0.81382E+02    0.61720E-03
    0.83026E+02    0.58377E-03
    0.84704E+02    0.55212E-03
    0.86415E+02    0.52218E-03
    0.88161E+02    0.49384E-03
    0.89942E+02    0.46702E-03
    0.91758E+02    0.44165E-03
    0.93612E+02    0.41763E-03
    0.95503E+02    0.39491E-03
    0.97433E+02    0.37340E-03
    0.99401E+02    0.35306E-03
    0.10141E+03    0.33380E-03
    0.10346E+03    0.31559E-03
    0.10555E+03    0.29835E-03
    0.10768E+03    0.28204E-03
    0.10985E+03    0.26662E-03
    0.11207E+03    0.25202E-03
    0.11434E+03    0.23821E-03
    0.11665E+03    0.22515E-03
    0.11900E+03    0.21279E-03
    0.12141E+03    0.20110E-03
    0.12386E+03    0.19005E-03
    0.12636E+03    0.17959E-03
    0.12892E+03    0.16969E-03
    0.13152E+03    0.16034E-03
    0.13418E+03    0.15149E-03
    0.13689E+03    0.14312E-03
    0.13965E+03    0.13520E-03
    0.14247E+03    0.12771E-03
    0.14535E+03    0.12063E-03
    0.14829E+03    0.11394E-03
    0.15128E+03    0.10761E-03
    0.15434E+03    0.10162E-03
    0.15746E+03    0.95963E-04
    0.16064E+03    0.90611E-04
    0.16388E+03    0.85552E-04
    0.16719E+03    0.80768E-04
    0.17057E+03    0.76246E-04
    0.17402E+03    0.71971E-04
    0.17753E+03    0.67930E-04
    0.18112E+03    0.64110E-04
    0.18478E+03    0.60499E-04
    0.18851E+03    0.57087E-04
    0.19232E+03    0.53862E-04
    0.19620E+03    0.50814E-04
    0.20017E+03    0.47934E-04
    0.20421E+03    0.45213E-04
    0.20834E+03    0.42642E-04
    0.21255E+03    0.40212E-04
    0.21684E+03    0.37917E-04
    0.22122E+03    0.35748E-04
    0.22569E+03    0.33700E-04
    0.23025E+03    0.31766E-04
    0.23490E+03    0.29939E-04
    0.23965E+03    0.28213E-04
    0.24449E+03    0.26583E-04
    0.24943E+03    0.25045E-04
    0.25446E+03    0.23592E-04
    0.25960E+03    0.22221E-04
    0.26485E+03    0.20926E-04
    0.27020E+03    0.19704E-04
    0.27566E+03    0.18551E-04
    0.28123E+03    0.17463E-04
    0.28691E+03    0.16436E-04
    0.29270E+03    0.15467E-04
    0.29862E+03    0.14553E-04
    0.30465E+03    0.13691E-04
    0.31080E+03    0.12878E-04
    0.31708E+03    0.12111E-04
    0.32349E+03    0.11388E-04
    0.33002E+03    0.10707E-04
    0.33669E+03    0.10064E-04
    0.34349E+03    0.94588E-05
    0.35043E+03    0.88884E-05
    0.35751E+03    0.83509E-05
    0.36473E+03    0.78446E-05
    0.37210E+03    0.73678E-05
    0.37962E+03    0.69189E-05
    0.38728E+03    0.64961E-05
    0.39511E+03    0.60982E-05
    0.40309E+03    0.57238E-05
    0.41123E+03    0.53715E-05
    0.41954E+03    0.50400E-05
    0.42802E+03    0.47282E-05
    0.43666E+03    0.44351E-05
    0.44548E+03    0.41595E-05
    0.45448E+03    0.39004E-05
    0.46366E+03    0.36570E-05
    0.47303E+03    0.34282E-05
    0.48259E+03    0.32134E-05
    0.49233E+03    0.30116E-05
    0.50228E+03    0.28222E-05
    0.51243E+03    0.26444E-05
    0.52278E+03    0.24775E-05
    0.53334E+03    0.23209E-05
    0.54411E+03    0.21740E-05
    0.55511E+03    0.20363E-05
    0.56632E+03    0.19071E-05
    0.57776E+03    0.17860E-05
    0.58943E+03    0.16725E-05
    0.60134E+03    0.15661E-05
    0.61349E+03    0.14664E-05
    0.62588E+03    0.13730E-05
    0.63852E+03    0.12856E-05
    0.65142E+03    0.12037E-05
    0.66458E+03    0.11269E-05
    0.67801E+03    0.10551E-05
    0.69170E+03    0.98785E-06
    0.70568E+03    0.92489E-06
    0.71993E+03    0.86595E-06
    0.73448E+03    0.81078E-06
    0.74931E+03    0.75914E-06
    0.76445E+03    0.71080E-06
    0.77990E+03    0.66556E-06
    0.79565E+03    0.62321E-06
    0.81172E+03    0.58357E-06
    0.82812E+03    0.54646E-06
    0.84485E+03    0.51173E-06
    0.86192E+03    0.47922E-06
    0.87933E+03    0.44878E-06
    0.89709E+03    0.42028E-06
    0.91522E+03    0.39361E-06
    0.93370E+03    0.36863E-06
    0.95257E+03    0.34524E-06
    0.97181E+03    0.32334E-06
    0.99144E+03    0.30284E-06
    0.10115E+04    0.28364E-06
    0.10319E+04    0.26567E-06
    0.10527E+04    0.24884E-06
    0.10740E+04    0.23308E-06
    0.10957E+04    0.21832E-06
    0.11178E+04    0.20450E-06
    0.11404E+04    0.19157E-06
    0.11635E+04    0.17946E-06
    0.11870E+04    0.16812E-06
    0.12109E+04    0.15750E-06
    0.12354E+04    0.14756E-06
    0.12604E+04    0.13826E-06
    0.12858E+04    0.12954E-06
    0.13118E+04    0.12139E-06
    0.13383E+04    0.11375E-06
    0.13653E+04    0.10660E-06
    0.13929E+04    0.99900E-07
    0.14211E+04    0.93629E-07
    0.14498E+04    0.87755E-07
    0.14791E+04    0.82253E-07
    0.15089E+04    0.77099E-07
    0.15394E+04    0.72272E-07
    0.15705E+04    0.67750E-07
    0.16022E+04    0.63514E-07
    0.16346E+04    0.59545E-07
    0.16676E+04    0.55828E-07
    0.17013E+04    0.52344E-07
    0.17357E+04    0.49081E-07
    0.17708E+04    0.46024E-07
    0.18065E+04    0.43160E-07
    0.18430E+04    0.40476E-07
    0.18802E+04    0.37962E-07
    0.19182E+04    0.35605E-07
    0.19570E+04    0.33397E-07
    0.19965E+04    0.31327E-07
    0.20368E+04    0.29388E-07
    0.20780E+04    0.27569E-07
    0.21200E+04    0.25865E-07
    0.21628E+04    0.24268E-07
    0.22065E+04    0.22770E-07
    0.22511E+04    0.21366E-07
    0.22965E+04    0.20050E-07
    0.23429E+04    0.18816E-07
    0.23903E+04    0.17659E-07
    0.24386E+04    0.16575E-07
    0.24878E+04    0.15557E-07
    0.25381E+04    0.14604E-07
    0.25893E+04    0.13709E-07
    0.26417E+04    0.12870E-07
    0.26950E+04    0.12083E-07
    0.27495E+04    0.11345E-07
    0.28050E+04    0.10653E-07
    0.28617E+04    0.10003E-07
    0.29195E+04    0.93939E-08
    0.29785E+04    0.88224E-08
    0.30386E+04    0.82862E-08
    0.31000E+04    0.77830E-08
    0.31626E+04    0.73108E-08
    0.32265E+04    0.68677E-08
    0.32917E+04    0.64519E-08
    0.33582E+04    0.60617E-08
    0.34260E+04    0.56954E-08
    0.34953E+04    0.53517E-08
    0.35659E+04    0.50290E-08
    0.36379E+04    0.47261E-08
    0.37114E+04    0.44417E-08
    0.37864E+04    0.41746E-08
    0.38628E+04    0.39240E-08
    0.39409E+04    0.36886E-08
    0.40205E+04    0.34675E-08
    0.41017E+04    0.32599E-08
    0.41846E+04    0.30650E-08
    0.42691E+04    0.28818E-08
    0.43553E+04    0.27098E-08
    0.44433E+04    0.25483E-08
    0.45331E+04    0.23965E-08
    0.46247E+04    0.22539E-08
    0.47181E+04    0.21199E-08
    0.48134E+04    0.19940E-08
    0.49106E+04    0.18758E-08
    0.50098E+04    0.17646E-08
    0.51110E+04    0.16601E-08
    0.52143E+04    0.15620E-08
    0.53196E+04    0.14697E-08
    0.54271E+04    0.13829E-08
    0.55367E+04    0.13014E-08
    0.56486E+04    0.12247E-08
    0.57627E+04    0.11526E-08
    0.58791E+04    0.10849E-08
    0.59979E+04    0.10211E-08
    0.61190E+04    0.96121E-09
    0.62427E+04    0.90486E-09
    0.63688E+04    0.85186E-09
    0.64974E+04    0.80200E-09
    0.66287E+04    0.75511E-09
    0.67626E+04    0.71100E-09
    0.68992E+04    0.66950E-09
    0.70386E+04    0.63046E-09
    0.71808E+04    0.59373E-09
    0.73258E+04    0.55917E-09
    0.74738E+04    0.52664E-09
    0.76248E+04    0.49604E-09
    0.77788E+04    0.46723E-09
    0.79360E+04    0.44012E-09
    0.80963E+04    0.41461E-09
    0.82598E+04    0.39059E-09
    0.84267E+04    0.36798E-09
    0.85969E+04    0.34670E-09
    0.87706E+04    0.32666E-09
    0.89478E+04    0.30779E-09
    0.91285E+04    0.29003E-09
    0.93129E+04    0.27330E-09
    0.95011E+04    0.25755E-09
    0.96930E+04    0.24272E-09
    0.98888E+04    0.22875E-09
    0.10089E+05    0.21559E-09
